       0/9        0G   0.06349  0.006862   0.03046    0.1008         5       320     0.152    0.4663    0.1982   0.08819   0.05638  0.006013    0.0243
       1/9        0G   0.04759  0.006413   0.02586   0.07986         1       320     0.169    0.4738    0.2453    0.1196   0.04607  0.006401    0.0233
       2/9        0G   0.04655  0.006468   0.02496   0.07798         5       320    0.8049    0.1916    0.2922    0.1498   0.05183  0.006001   0.02183
       3/9        0G   0.04802    0.0059    0.0242   0.07812         9       320    0.9574    0.1005    0.1509    0.0599   0.05658   0.00691   0.02208
       4/9        0G   0.05016  0.005934   0.02424   0.08034         4       320     0.567    0.1222    0.1465   0.05217   0.05705  0.005947   0.02223
       5/9        0G   0.04795  0.005924   0.02416   0.07804         5       320    0.2182    0.5264     0.308    0.1436   0.05264  0.005708    0.0213
       6/9        0G   0.04216  0.005982   0.02312   0.07127         4       320    0.2365    0.6084    0.4173    0.2338    0.0461  0.005636   0.02059
       7/9        0G   0.04039  0.006056   0.02285   0.06929        11       320    0.3657    0.6963    0.4796    0.2765   0.04468  0.005318   0.01904
       8/9        0G   0.03801  0.006099   0.02173   0.06584         4       320    0.2764      0.77    0.4884    0.2968   0.03997  0.005306   0.01876
       9/9        0G   0.03417  0.006301   0.02139   0.06187         5       320    0.3068    0.9208    0.5327    0.3521   0.04011   0.00495   0.01853
